200 50
9752845 3933327 3758833 1595009 8083905 7970905 1201113 684481 9688065 9546525 9858065 8628702 5111937 6978005 4629572 6164673 9666565 672665 8777985 1348341 6737219 1655217 3471546 7182725 9181357 3989081 5522679 9428397 2734677 1261825 1141907 6573497 2181575 2958353 9794155 1141661 2599129 2881129 8872845 1670079 1555871 6219245 261083 2841745 7844813 3957317 4379681 3288609 5867317 9692913 5696241 6751841 2290249 8866497 4339441 4648737 6786949 8554506 2956627 5612585 9720261 9513355 4374913 4795959 9202361 5119957 2252769 1881525 2877089 5539070 5957169 4385502 388577 7354707 2254841 4162925 2308913 9708717 742393 5214347 5772341 7475713 8533875 9300737 8288833 7648793 2857109 3663369 9459123 9271629 2440037 8643329 6115777 7517357 1919369 8097009 1651367 6344065 2596527 3307619 8398065 6531345 5882065 3049723 8780177 6401723 7944481 6754945 8486865 8273409 152429 1737240 3022529 9995355 651169 5673918 9787437 9491377 9843781 9388017 8066577 7456097 8784951 736913 7716435 7555634 3719585 303881 9036625 2327037 7458735 7456417 6540145 2628973 981329 8660673 4308169 3439217 1174221 608625 3980981 5401549 5551189 8278639 2324745 2742539 1303169 2120645 4783885 1532545 9704603 2387693 3911705 3516405 4510145 4190603 5424147 7919067 368225 3251545 6016513 7715824 2662817 3099216 7345939 4907153 1529530 1855969 2477809 4830961 5718113 7250323 1382289 2845989 4873627 1050843 8649385 2905697 5798657 9661965 5918577 8395869 2221377 7522809 1765069 2542493 5519599 318867 9665785 1 1642225 6936761 5305629 2696801 2458001 3839230 7365311 1758488 6382541 3323114
2 35 145 93
5 46 199 5915878
4 110 161 6017828
4 49 93 6792998
5 41 105 6783428
2 55 113 4
5 61 179 7250122
3 169 2351098
5 13 97 740944
1 3 80 4374913
5 56 170 4384493
5 35 121 1546226
2 41 65 7
5 47 172 8639218
2 4 149 133
4 10 137 8869418
5 25 136 8870300
4 15 86 8563303
5 35 162 9686648
2 33 178 102
4 31 132 9467468
1 33 160 8533875
5 57 176 6531630
2 31 112 63
2 49 129 9
5 29 160 8530626
5 19 106 3656096
2 21 146 121
1 69 109 5772341
3 169 1920193
1 105 177 6540145
5 52 85 1876709
2 153 177 22
2 53 81 24
1 23 110 3307619
3 146 5015665
5 45 162 2324995
5 71 182 4302867
2 4 199 131
4 27 120 2255246
5 17 126 5858724
1 132 139 6540145
1 62 147 388577
3 17 3448561
3 165 1280715
4 45 197 3520518
3 1 6365547
4 24 125 4655599
1 27 122 6219245
1 1 148 2252769
